1 246 1
1 1 0.000023
1 7 0.704953
1 8 0.550315
1 9 0.032294
1 11 0.712631
1 14 0.015686
1 15 0.137255
1 16 0.302576
1 17 1.000000
1 18 0.996078
1 22 1.000000
1 23 1.000000
1 24 1.000000
1 27 0.700000
1 28 0.587629
1 29 0.999881
1 30 0.032294
1 34 0.000023
1 36 0.431373
1 37 0.002247
1 38 0.054902
1 41 1.000000
1 46 0.002247
1 50 0.032294
1 51 0.325613
1 52 0.056641
1 53 0.820677
1 54 0.388235
1 55 0.450980
1 56 0.312547
1 57 0.004672
1 59 1.000000
1 61 0.000023
1 65 1.000000
1 68 0.712195
1 69 0.001400
1 70 1.000000
1 71 0.001013
1 73 0.709459
1 74 0.560784
1 76 0.142857
1 77 0.360800
1 78 1.000000
1 79 1.000000
1 80 1.000000
1 82 0.000023
1 83 1.000000
1 85 0.996078
1 86 0.070588
1 87 1.000000
1 88 0.999797
1 92 1.000000
1 93 0.714286
1 95 0.039216
1 97 0.000023
1 98 0.356490
1 99 0.165041
1 102 1.000000
1 103 1.000000
1 104 1.000000
1 105 0.486275
1 108 0.152941
1 120 0.996078
1 121 0.676507
1 122 0.032294
1 126 0.712980
1 128 0.121569
1 129 0.609261
1 132 1.000000
1 134 0.109804
1 135 0.030535
1 140 0.002247
1 142 0.698039
1 144 0.248111
1 145 0.356490
1 146 1.000000
1 147 0.498039
1 148 0.125490
1 150 0.704953
1 151 1.000000
1 152 0.098039
1 154 0.676507
1 156 0.066667
1 157 0.001470
1 160 0.101961
1 162 0.302576
1 165 0.843126
1 166 0.400000
1 167 0.019608
1 168 0.056641
1 171 1.000000
1 172 0.857143
1 177 0.285714
1 178 0.588235
1 179 0.820677
1 180 0.032294
1 181 0.196491
1 182 0.729730
1 185 0.756863
1 192 1.000000
1 193 1.000000
1 197 0.032294
1 202 0.310127
1 203 0.001186
1 205 1.000000
1 206 0.999835
1 209 0.291145
1 210 0.980392
1 211 0.960784
1 212 0.032294
1 213 0.000023
1 214 1.000000
1 216 0.999998
1 217 0.146074
1 219 0.300000
1 222 0.666667
1 224 0.145098
1 227 0.007089
1 228 1.000000
1 229 1.000000
1 230 0.032294
1 232 1.000000
1 233 0.494217
1 236 0.032749
1 243 0.000023
1 244 1.000000
1 245 0.000023
2 246 1
2 7 0.273423
2 11 0.276398
2 14 0.011765
2 15 0.137255
2 16 0.290211
2 17 1.000000
2 18 0.976471
2 23 1.000000
2 24 1.000000
2 27 0.700000
2 28 0.838319
2 29 0.999955
2 36 0.580392
2 38 0.149020
2 41 1.000000
2 43 0.000416
2 45 0.007843
2 49 1.000000
2 51 0.325613
2 53 0.022998
2 54 0.250980
2 55 0.588235
2 56 0.101586
2 57 0.000067
2 59 0.768627
2 65 1.000000
2 68 0.023003
2 70 1.000000
2 73 0.709459
2 74 0.525490
2 76 0.142857
2 77 0.268604
2 79 1.000000
2 80 1.000000
2 85 0.996078
2 86 0.133333
2 88 0.999905
2 93 1.000000
2 95 0.043137
2 98 0.164589
2 102 1.000000
2 103 1.000000
2 104 1.000000
2 105 0.478431
2 108 0.200000
2 118 1.000000
2 120 0.992157
2 121 0.200562
2 124 1.000000
2 125 1.000000
2 126 0.278316
2 128 0.258824
2 129 0.230353
2 132 1.000000
2 134 0.164706
2 135 0.030535
2 144 0.116893
2 145 0.164589
2 147 0.603922
2 148 0.176471
2 150 0.273423
2 151 1.000000
2 152 0.866667
2 154 0.200562
2 157 0.000270
2 160 0.207843
2 162 0.290211
2 164 1.000000
2 165 0.347560
2 166 0.419608
2 169 1.000000
2 171 1.000000
2 172 1.000000
2 178 0.537255
2 179 0.022998
2 181 0.015610
2 182 0.733333
2 185 0.462745
2 187 0.004232
2 192 1.000000
2 193 1.000000
2 194 0.248368
2 203 0.002877
2 205 1.000000
2 206 0.999971
2 210 0.992157
2 211 0.678431
2 216 1.000000
2 217 0.082109
2 219 0.300000
2 224 0.274510
2 225 1.000000
2 228 1.000000
2 229 1.000000
2 232 1.000000
2 233 0.479428
2 236 0.032749
2 244 0.862745
3 246 1
3 3 0.006800
3 4 0.051546
3 7 0.671346
3 11 0.671346
3 14 0.058823
3 15 0.117647
3 16 0.293407
3 17 1.000000
3 23 1.000000
3 24 1.000000
3 27 0.700000
3 28 0.570354
3 36 0.631373
3 38 0.027451
3 41 1.000000
3 42 1.000000
3 43 0.000971
3 44 1.000000
3 51 0.325613
3 53 0.746823
3 54 0.129412
3 55 0.647059
3 56 0.552959
3 57 0.003717
3 59 0.211765
3 64 0.300000
3 65 1.000000
3 67 0.030928
3 68 0.599150
3 70 1.000000
3 71 0.002365
3 73 0.709459
3 74 0.529412
3 76 0.142857
3 77 0.551028
3 79 1.000000
3 80 1.000000
3 85 0.874510
3 86 0.066667
3 93 0.571429
3 95 0.054902
3 98 0.438971
3 102 1.000000
3 103 0.996078
3 104 1.000000
3 105 0.576471
3 108 0.160784
3 112 1.000000
3 120 0.133333
3 121 0.665432
3 126 0.706011
3 128 0.349020
3 129 0.645246
3 134 0.152941
3 135 0.030535
3 137 1.000000
3 142 0.839216
3 144 0.167239
3 145 0.438971
3 147 0.329412
3 148 0.282353
3 149 0.712980
3 150 0.671346
3 154 0.665432
3 157 0.002561
3 160 0.078431
3 162 0.293407
3 165 1.000000
3 171 1.000000
3 172 0.714286
3 178 0.650980
3 179 0.746823
3 182 0.687500
3 184 1.000000
3 185 0.772549
3 190 1.000000
3 192 1.000000
3 193 1.000000
3 194 0.293407
3 203 0.001000
3 211 0.850980
3 217 0.356490
3 219 0.300000
3 224 0.262745
3 227 0.011342
3 229 1.000000
3 232 1.000000
3 233 0.486620
3 236 0.032749
3 240 0.154346
3 244 0.811765
