Iter   TrainDeviance   ValidDeviance   StepSize   Improve
     1        0.8730            -nan     0.0150    0.0052
     2        0.8678            -nan     0.0150    0.0052
     3        0.8628            -nan     0.0150    0.0049
     4        0.8579            -nan     0.0150    0.0049
     5        0.8532            -nan     0.0150    0.0047
     6        0.8486            -nan     0.0150    0.0045
     7        0.8441            -nan     0.0150    0.0045
     8        0.8398            -nan     0.0150    0.0043
     9        0.8355            -nan     0.0150    0.0042
    10        0.8314            -nan     0.0150    0.0041
   100        0.6582            -nan     0.0150    0.0009
   200        0.6046            -nan     0.0150    0.0002
   300        0.5797            -nan     0.0150    0.0001
   400        0.5647            -nan     0.0150    0.0001
   500        0.5544            -nan     0.0150    0.0001
   600        0.5460            -nan     0.0150    0.0000
   700        0.5393            -nan     0.0150    0.0001
   800        0.5338            -nan     0.0150    0.0000
   900        0.5291            -nan     0.0150    0.0000
  1000        0.5248            -nan     0.0150    0.0000
